FTR_pred,Prob_H,Prob_D,Prob_A
H,0.41007186512578775,0.24285815012203327,0.347069984752179
H,0.3701902624065871,0.36632723641509846,0.2634825011783145
H,0.5260379842584957,0.2435437747672641,0.23041824097424016
A,0.2521167882101884,0.2515296304027395,0.49635358138707214
H,0.5299875974556186,0.24129311075000462,0.2287192917943767
H,0.550714052227613,0.24501292701270874,0.20427302075967815
H,0.3801267315434813,0.36048381409152325,0.25938945436499544
D,0.3731587365681326,0.5566927730521345,0.07014849037973296
H,0.4206105856180368,0.28464545808158387,0.29474395630037925
H,0.6854278713669671,0.1838435056475706,0.13072862298546237
H,0.5704751459563208,0.1890429672565834,0.24048188678709592
A,0.32153470441562065,0.2930169987582598,0.38544829682611953
H,0.6110876446139037,0.22932317380137116,0.1595891815847251
A,0.3194295308314123,0.23950813871023593,0.4410623304583518
H,0.5043005867151867,0.24763142790994905,0.24806798537486427
A,0.2659016569104458,0.261642256621513,0.4724560864680412
H,0.39252040536222776,0.22570991405509852,0.38176968058267374
A,0.2864620138482894,0.23449089638929713,0.4790470897624135
H,0.7570668004059429,0.1817989527733697,0.06113424682068738
A,0.3106437461658475,0.20630758641220934,0.483048667421943
H,0.5676980543412434,0.23437909357901923,0.19792285207973728
A,0.3691138643631215,0.22857913751156667,0.40230699812531184
A,0.24287553827233344,0.18313957031800443,0.5739848914096621
A,0.23612674725720276,0.25783709391141,0.5060361588313872
H,0.5491646003910627,0.24108574856046797,0.2097496510484693
D,0.3180726883774408,0.3906800862255895,0.29124722539696973
H,0.4195331430099161,0.34091946469627493,0.23954739229380898
H,0.46330639390854184,0.2214235975029667,0.31527000858849147
H,0.6730770680331329,0.23853557421997498,0.08838735774689206
A,0.2512086227348217,0.20828710636194178,0.5405042709032365
H,0.4827875508997404,0.2231332977172927,0.29407915138296686
H,0.6564623241720186,0.15444217207355482,0.18909550375442663
H,0.5706904950376038,0.2250000417487431,0.2043094632136531
H,0.5475000700650385,0.25105043568398716,0.20144949425097433
H,0.3951386119646451,0.2844484493017669,0.32041293873358806
H,0.4454750403137115,0.289956413091958,0.26456854659433043
A,0.28628581979236334,0.25003033112263195,0.46368384908500465
H,0.42719724996103053,0.286514993262245,0.2862877567767245
D,0.34833241883067395,0.3622502139902351,0.289417367179091
H,0.4304812599838545,0.2894299980149768,0.28008874200116873
H,0.5542335826815336,0.22986519581775347,0.215901221500713
H,0.39449589931912893,0.23422031456991865,0.3712837861109524
H,0.482592196467359,0.22375926773693308,0.2936485357957079
H,0.5166946408020264,0.23180447852622313,0.25150088067175036
H,0.6341641283731536,0.2492072915032458,0.11662858012360063
H,0.5364835925885135,0.23706343963387164,0.2264529677776148
H,0.42989567843048854,0.26208601906626633,0.30801830250324524
H,0.7924794472011496,0.16222385203919046,0.04529670075965999
H,0.49616333939900686,0.2681436702309334,0.23569299037005978
A,0.3526724859120942,0.24066103765828215,0.40666647642962356
H,0.4676316240591693,0.23458985253483858,0.29777852340599215
H,0.39617394319654764,0.21592099165791434,0.38790506514553796
A,0.3612918179584377,0.23101089450511844,0.4076972875364439
H,0.5309943480869311,0.287024756474799,0.1819808954382698
H,0.4412051549975242,0.215691636361971,0.3431032086405048
H,0.5278379410493609,0.24035913030154102,0.23180292864909804
H,0.38926293855858035,0.2559377244837764,0.3547993369576432
H,0.6218614244644588,0.20682116288811891,0.17131741264742226
H,0.4923230357918415,0.26383811568599436,0.2438388485221642
H,0.42029111391862806,0.3427576155992296,0.23695127048214226
H,0.650798414212315,0.18224397353292576,0.16695761225475922
H,0.6671635312789529,0.16615182864025624,0.16668464008079087
H,0.4169457833754438,0.32961452176182976,0.25343969486272644
H,0.4845311917266428,0.24825457702356749,0.26721423124978966
A,0.3126443420470119,0.2548933116291236,0.43246234632386454
D,0.29263915123945566,0.35427358987858076,0.3530872588819636
H,0.4429925214599842,0.33037738284656615,0.22663009569344963
H,0.49418501076203164,0.23656941379967936,0.2692455754382889
H,0.5715522137087542,0.21066594642842787,0.217781839862818
H,0.5357281790247094,0.24392518872590743,0.22034663224938322
H,0.4730463902396706,0.2433029310826639,0.2836506786776655
H,0.5401225417171389,0.20728518334380622,0.25259227493905484
A,0.29257343461334573,0.2162145482047504,0.4912120171819039
A,0.34670234769034775,0.2654377398090297,0.38785991250062263
H,0.43766254931520016,0.2986443609995411,0.2636930896852588
A,0.37290365867745306,0.22147380771586309,0.4056225336066839
A,0.28513331776200956,0.25997008838439045,0.45489659385360004
H,0.7484045139816912,0.17559746577597643,0.07599802024233249
H,0.7275700634463278,0.23438621626790077,0.0380437202857714
H,0.5015620617204094,0.24670974446939675,0.2517281938101939
H,0.6082453801733916,0.1971810901446233,0.19457352968198516
A,0.359040818011517,0.2561144190002696,0.3848447629882134
H,0.4943796241082879,0.26368623329286084,0.24193414259885118
A,0.31785899843758036,0.16333191580355388,0.5188090857588658
H,0.443991973734478,0.23777807104280224,0.31822995522271974
H,0.508389758462055,0.20957575680002538,0.28203448473791964
H,0.481176075502224,0.2628055641275291,0.2560183603702469
A,0.25194696985951126,0.36478945303469607,0.3832635771057927
H,0.39412060191531784,0.2871114657180542,0.318767932366628
D,0.26160472994103096,0.40506512109448983,0.33333014896447927
H,0.5972962737023625,0.22802371375220779,0.17468001254542964
H,0.6348439971991513,0.19260881938557461,0.1725471834152741
H,0.3920182595418124,0.2859198688161244,0.3220618716420632
A,0.3131248431364952,0.24351277655766312,0.4433623803058417
A,0.20747658305363428,0.23563805177627106,0.5568853651700946
H,0.5184520385475488,0.2755284629499431,0.206019498502508
H,0.42714536953906723,0.23013423074325853,0.34272039971767426
A,0.3139569454789383,0.2528570974038254,0.43318595711723634
H,0.5896856998593579,0.24285953080139308,0.16745476933924894
H,0.43951708371320947,0.2565395752880314,0.3039433409987591
D,0.3847220567419071,0.4308125098739762,0.1844654333841167
H,0.5107870977786769,0.3090521709999138,0.1801607312214093
A,0.30560337585975583,0.24650463128693992,0.4478919928533043
H,0.3966674267918198,0.2852128880367841,0.31811968517139616
A,0.29038723414354606,0.32297062096152435,0.3866421448949296
H,0.5643775103348121,0.24841851104965754,0.18720397861553026
H,0.4050297826427421,0.34484930082806126,0.2501209165291967
H,0.4768650487206006,0.2491192263701231,0.2740157249092762
H,0.7951811430311452,0.16680830143118533,0.03801055553766941
H,0.535857233935518,0.24200448146403378,0.22213828460044824
H,0.6247485959466457,0.21975839330287547,0.1554930107504789
H,0.676246842335213,0.2204429569095987,0.1033102007551882
H,0.4456626483303334,0.20661752298294775,0.34771982868671875
H,0.6070734822578486,0.2257667587659575,0.16715975897619384
A,0.3619367414099129,0.24741446582209417,0.39064879276799297
H,0.5913502070631039,0.23130347038013518,0.17734632255676094
H,0.49917482813586816,0.2526243558320224,0.24820081603210942
H,0.6081662013794406,0.20399837823912273,0.18783542038143675
H,0.8012654643226248,0.15573055128288915,0.04300398439448606
H,0.34705739277127495,0.3342473143876898,0.3186952928410353
A,0.34007942785209,0.2054043808680487,0.45451619127986126
D,0.3436369441190443,0.5294887286098604,0.1268743272710954
H,0.3566478311912589,0.33363665460522957,0.3097155142035115
H,0.3971222524742187,0.3440581191690115,0.2588196283567698
H,0.5113244053799862,0.23123293416896237,0.25744266045105135
H,0.6612653582902049,0.20939606445960104,0.12933857725019401
A,0.26243899955817307,0.20228965697451007,0.5352713434673169
H,0.6384923776252545,0.22416251702138945,0.137345105353356
A,0.2021013588377725,0.24607929396300468,0.5518193471992228
H,0.485501501614131,0.2400500012735299,0.2744484971123391
H,0.4217827750751591,0.24681703720132717,0.33140018772351376
A,0.18182121072433244,0.19282352407308948,0.6253552652025781
H,0.4805845561499907,0.2430047097419253,0.276410734108084
A,0.35108007023347443,0.20803755061305237,0.4408823791534732
H,0.5002928891900728,0.24328230833857434,0.25642480247135285
H,0.4603213082116026,0.3096140996098636,0.2300645921785339
H,0.37487680922989747,0.322522974089603,0.30260021668049947
H,0.5920407129813428,0.22116032499743454,0.1867989620212227
A,0.2935240513869862,0.3433866257007924,0.36308932291222146
H,0.555069889080628,0.2271388989031812,0.2177912120161907
H,0.6090520405476137,0.22972853633351545,0.16121942311887077
H,0.47786608831201177,0.2514569694865038,0.27067694220148447
A,0.30464170738237706,0.25614543978790727,0.43921285282971567
A,0.27701113678360983,0.22660938789659915,0.49637947531979104
A,0.3206160557110537,0.21479221180293953,0.46459173248600677
H,0.3781934993997618,0.3751093720886678,0.24669712851157036
H,0.6454408485282338,0.22676662116028465,0.12779253031148155
A,0.31439088072723015,0.3213814460620161,0.3642276732107537
A,0.3264642562664649,0.27644709660002076,0.39708864713351427
H,0.5520687954243112,0.25478242500532605,0.1931487795703627
H,0.4213336002833574,0.28941125380650723,0.2892551459101353
H,0.42272483655233684,0.30621724060482497,0.27105792284283825
H,0.45994965377131386,0.2887852164121141,0.25126512981657206
H,0.512367941951248,0.23517395331881877,0.2524581047299332
H,0.5968249851868658,0.20951298356718495,0.19366203124594927
H,0.526819733661886,0.2621051713216313,0.21107509501648278
A,0.3551799598842625,0.2184964165878146,0.42632362352792286
H,0.6584670312433257,0.20371092169696345,0.13782204705971085
H,0.6383357272999485,0.21938405943111974,0.14228021326893173
H,0.6091385716045928,0.20504390118405422,0.18581752721135295
A,0.1895928277136675,0.20315081825085923,0.6072563540354733
A,0.33809730245061487,0.3226828569845705,0.33921984056481463
H,0.5774517704053003,0.2447307965770874,0.17781743301761235
A,0.1387927420207474,0.20639482522710337,0.6548124327521493
H,0.6175493351349539,0.21163384800790622,0.17081681685713992
H,0.5085475463958969,0.21482594768932947,0.2766265059147735
H,0.4421015703259543,0.30550053820912054,0.25239789146492503
A,0.0934418750830155,0.16075850110817325,0.7457996238088113
H,0.38685172874109175,0.30537095708840284,0.30777731417050547
H,0.4565591160432539,0.24767801680210103,0.2957628671546451
H,0.48149290118541205,0.24040936183665296,0.278097736977935
H,0.6649144297092022,0.19570599294416754,0.13937957734663023
H,0.45397693598673694,0.35834036628126104,0.18768269773200197
H,0.6450036941062008,0.23995413321425027,0.11504217267954893
H,0.45314658431483834,0.3404869692273242,0.2063664464578375
A,0.2420574582693317,0.21207220056314316,0.5458703411675252
H,0.6233253944824436,0.2143013010358413,0.16237330448171505
H,0.44724169828658433,0.29125392580677073,0.26150437590664494
D,0.3236106281505345,0.439460696620364,0.23692867522910147
H,0.6320381925137225,0.21202280975318022,0.1559389977330973
H,0.38547731427769705,0.2355642583084101,0.37895842741389285
A,0.35247146846095756,0.22918612025274676,0.4183424112862957
H,0.5590481469986153,0.23813014927912457,0.20282170372226016
H,0.5783483620531946,0.22451020531108098,0.19714143263572437
H,0.5327043232515999,0.3800911503987468,0.08720452634965327
H,0.7438285214545682,0.1662852572615576,0.08988622128387408
H,0.4226560175333924,0.23700168047490158,0.34034230199170606
H,0.42138376558290364,0.25232523673271023,0.32629099768438613
H,0.5025566388636332,0.24861829746033248,0.2488250636760343
H,0.38297234675624586,0.36869121253960424,0.24833644070414995
H,0.5187411911926109,0.22217736680899006,0.2590814419983991
A,0.3244309883850114,0.2537215252260739,0.4218474863889147
A,0.25946839901982505,0.23330778146861197,0.5072238195115629
H,0.5820065710575474,0.1805696657940498,0.23742376314840286
H,0.48120471728764586,0.24124672637369282,0.2775485563386613
H,0.4570945548153893,0.1906620018974072,0.3522434432872035
A,0.34504874722925166,0.2380873578458648,0.4168638949248835
H,0.4108350098807105,0.2498753639741177,0.33928962614517183
H,0.452661413468058,0.20562229474154733,0.3417162917903947
D,0.3330430166758793,0.3757481740998298,0.2912088092242909
H,0.4370543591660918,0.24917471906802757,0.3137709217658807
H,0.38927086129210925,0.34646752517711854,0.2642616135307721
H,0.34319911278382076,0.3407790137646203,0.316021873451559
H,0.6362879410677063,0.20140363065915975,0.162308428273134
H,0.7836685791860144,0.1459887802948332,0.07034264051915233
H,0.5475283111180195,0.2704032127286584,0.18206847615332214
H,0.5119744104124285,0.2407706617976926,0.2472549277898788
H,0.4398625266581055,0.33373637829389696,0.22640109504799746
H,0.4568231490731905,0.22679119951873786,0.3163856514080716
H,0.557629538299307,0.20178242554525283,0.24058803615544022
H,0.6057254695588276,0.20831634656048068,0.18595818388069182
A,0.3318202251948835,0.24095241110002463,0.42722736370509184
H,0.507532663609839,0.19890423869624396,0.29356309769391703
H,0.46061822049878404,0.3280344239773285,0.2113473555238875
A,0.3607934420505155,0.2681358135942499,0.3710707443552346
H,0.45644107198923994,0.26005230063653545,0.28350662737422466
H,0.5090783963472575,0.3021081331487569,0.18881347050398564
H,0.44504002755466526,0.27043073898649367,0.2845292334588411
H,0.6862052399077836,0.1905686455142376,0.12322611457797872
H,0.770303915067441,0.16718877054636436,0.06250731438619465
H,0.6024983967814023,0.2355734582654554,0.16192814495314226
H,0.5853998823728556,0.21826012600185463,0.1963399916252899
D,0.2919000528156103,0.3735015273050448,0.3345984198793448
A,0.3200666188694214,0.22987475395730442,0.4500586271732742
H,0.5978443739789892,0.21353390332407876,0.1886217226969321
H,0.387224727592472,0.3143073127750937,0.2984679596324343
H,0.47053774534521065,0.22633450992242068,0.30312774473236864
A,0.3347438306587771,0.30579281127111857,0.35946335807010427
A,0.37407023567844405,0.24449415281001982,0.3814356115115361
H,0.431801341135077,0.15737341898081822,0.41082523988410463
H,0.6255222488888453,0.23601263808267078,0.13846511302848394
A,0.288754397064998,0.31679431782617246,0.39445128510882954
H,0.5569880421525563,0.2448833147491337,0.19812864309831002
H,0.40339406292921226,0.23311992844084398,0.3634860086299438
H,0.5850079119545349,0.22128230491492182,0.1937097831305433
A,0.29089699421436793,0.22377269200527286,0.48533031378035923
H,0.49748438240543774,0.3162219439060321,0.18629367368853014
H,0.7929593921650193,0.1670643486523644,0.039976259182616276
H,0.5172056780811549,0.22055161781003482,0.26224270410881023
A,0.16663780473207657,0.2138969982166696,0.6194651970512538
A,0.3640822908017574,0.22813449545681674,0.40778321374142584
H,0.6764461565571579,0.23690406234963501,0.08664978109320703
H,0.44811628001189824,0.30318906028108294,0.24869465970701884
H,0.41393024177682275,0.3299472120089497,0.25612254621422753
H,0.5667023627001361,0.23913734773020726,0.1941602895696566
H,0.57671728209681,0.2700231884351245,0.15325952946806556
H,0.5473195955681569,0.21373118803608607,0.23894921639575697
H,0.4492922558138321,0.22776084528779003,0.3229468988983779
H,0.37242323069484384,0.305949369952635,0.32162739935252116
H,0.6220093972906691,0.21384459996740948,0.16414600274192145
H,0.40712049495915287,0.2618834763092694,0.3309960287315778
H,0.625624483360035,0.23790533680279735,0.1364701798371677
A,0.340070748488664,0.24531859188172858,0.41461065962960747
H,0.5722550153655638,0.20632717060516378,0.22141781402927238
A,0.31802820646281554,0.22952907284600588,0.4524427206911785
H,0.6037958319212104,0.23291716348720534,0.16328700459158416
H,0.5027006227934974,0.31887110108321265,0.17842827612328996
H,0.5222565229533694,0.2502547052492501,0.22748877179738047
H,0.46653090616709975,0.22148472232204255,0.3119843715108577
H,0.4642871848322245,0.2485469240519607,0.28716589111581486
H,0.5620060564996802,0.2244788707849276,0.21351507271539225
H,0.5572994977467984,0.23403618923656974,0.2086643130166318
H,0.555983076073317,0.2727188802824674,0.1712980436442156
A,0.35215164880813954,0.2898387793649381,0.3580095718269223
H,0.3991180861011813,0.2299131179422053,0.3709687959566134
H,0.7397885293440226,0.21428767130976625,0.04592379934621115
H,0.43094012568015777,0.3002351716006752,0.26882470271916703
H,0.4216239382900833,0.3418873999461011,0.23648866176381564
A,0.19218832651875747,0.21574053553148276,0.5920711379497597
A,0.24696583855966273,0.1869631863553973,0.5660709750849399
H,0.5356723391183605,0.2642327654955137,0.20009489538612568
H,0.4326824402755742,0.3725284190924277,0.19478914063199806
H,0.5675430107349907,0.21210550830450123,0.22035148096050813
H,0.5288434834752604,0.22719357820861674,0.24396293831612273
H,0.5382730608497147,0.2561009606255945,0.2056259785246908
H,0.6377957171899489,0.21113787936630843,0.15106640344374267
A,0.34057300553574166,0.23287493579984928,0.4265520586644091
H,0.39334558811224,0.23141429626476465,0.37524011562299536
A,0.3728354805285363,0.2324054162710076,0.39475910320045604
H,0.6174211002241478,0.23972879401504055,0.14285010576081178
A,0.35324016795508,0.2267916788619706,0.4199681531829494
H,0.5084542073422554,0.2402522985402293,0.2512934941175153
H,0.40687463529768714,0.31899971136821703,0.27412565333409583
H,0.41782526035758466,0.3137234706941497,0.2684512689482657
H,0.5907733450084791,0.2299706937580149,0.17925596123350598
A,0.20097109223365953,0.20354279592345578,0.5954861118428847
H,0.5502852769714573,0.2674938072188543,0.18222091580968844
H,0.45895736677687254,0.22873194334356706,0.31231068987956045
A,0.34188518912242777,0.25315274479808686,0.4049620660794854
A,0.3707135946127223,0.2322033000263418,0.3970831053609359
A,0.3726722307740881,0.23870113143300298,0.3886266377929089
H,0.5179258157167849,0.23050699006988007,0.251567194213335
A,0.1710921692668185,0.18655136378390316,0.6423564669492783
A,0.3302675980845883,0.2704762375890497,0.3992561643263621
H,0.3694773677495358,0.3256211814641446,0.30490145078631953
A,0.3089864849564204,0.24334921376510155,0.447664301278478
H,0.6657540983535405,0.23452121863264588,0.09972468301381356
A,0.33466082993829066,0.2516066882514267,0.4137324818102826
A,0.179674246666799,0.22670459442143634,0.5936211589117646
H,0.4237928005314166,0.24247289764698307,0.3337343018216003
H,0.4544737502255367,0.2358698011249285,0.3096564486495348
H,0.5685262226970802,0.19924760261821647,0.23222617468470327
H,0.4045928727071754,0.33270183660301833,0.26270529068980625
H,0.466834833025458,0.25480782172185096,0.278357345252691
H,0.5317021166342824,0.28371668490576524,0.18458119845995244
H,0.5836546048572597,0.20002099947312693,0.21632439566961334
A,0.3574595900761526,0.2501563328319705,0.39238407709187695
H,0.6190278949851843,0.21270936614290462,0.168262738871911
H,0.3670011613212479,0.31709631482963835,0.31590252384911377
H,0.5795595954978564,0.204328839978098,0.2161115645240456
A,0.2910300771686675,0.23221705832139375,0.47675286450993876
A,0.3344647895901853,0.2669600274688258,0.398575182940989
A,0.3559775120600401,0.23084267748865198,0.41317981045130797
H,0.5669708935402172,0.30310341566200694,0.12992569079777594
H,0.41624144566995475,0.2926520346375434,0.2911065196925019
H,0.4848880333609438,0.2681349681093376,0.24697699852971852
H,0.8135785817432813,0.16961089184849676,0.01681052640822175
H,0.3701545643259944,0.29180079453382235,0.3380446411401832
H,0.4549948793684267,0.2506472458290863,0.29435787480248693
D,0.32404941870584825,0.40398599585412237,0.2719645854400293
D,0.2667745108621369,0.3815398997307176,0.3516855894071455
H,0.8255428963201609,0.11940119465695213,0.05505590902288698
H,0.7207182648733954,0.23965316756412747,0.03962856756247706
A,0.308860673533889,0.24735479061318819,0.4437845358529227
H,0.4111878522942137,0.22312842244259393,0.36568372526319237
A,0.33613386516443694,0.22412918062359144,0.4397369542119716
H,0.5444359527453895,0.21815084193513468,0.23741320531947582
A,0.304722847673803,0.2442787473274218,0.4509984049987752
H,0.7384607980535466,0.20954479888204045,0.051994403064412914
H,0.4995491418958195,0.20070933647077113,0.29974152163340934
H,0.4398865485258517,0.2821930853796646,0.2779203660944836
H,0.6587861342194296,0.22757597218327197,0.11363789359729835
H,0.5331739434617931,0.22688274454885105,0.23994331198935573
H,0.46436981261292076,0.2377779966195448,0.29785219076753444
H,0.5501722936165186,0.22842546111618986,0.22140224526729146
H,0.5155960659214108,0.22904452708825307,0.25535940699033605
H,0.5643194791619544,0.25416520334586434,0.1815153174921813
D,0.27800200270813014,0.3797196470163839,0.342278350275486
H,0.47352145680067165,0.28413671188423933,0.242341831315089
A,0.33908191954516126,0.24052802912018476,0.42039005133465396
A,0.3042696067157767,0.23158453481724015,0.46414585846698325
H,0.4370895610103093,0.32152900672261076,0.2413814322670799
H,0.5986704088506786,0.21011099672736874,0.19121859442195266
H,0.5032812808642898,0.24306515684459415,0.2536535622911161
H,0.5707187313860161,0.21288322237900928,0.2163980462349746
H,0.6130876358350594,0.2180445085007311,0.16886785566420956
H,0.5377769472030454,0.24336314579157478,0.2188599070053799
H,0.5552105529790403,0.23203541499716643,0.21275403202379325
H,0.4306806027245927,0.3058119464202999,0.26350745085510735
A,0.29128595728909473,0.24402920973066564,0.4646848329802396
A,0.3841471554574562,0.2132735104933219,0.40257933404922186
H,0.6141853410589432,0.19552992983704165,0.19028472910401528
H,0.543766188597654,0.22648905869576696,0.22974475270657901
H,0.5941698603991553,0.20158140968144686,0.20424872991939783
H,0.6348656140390115,0.20253030900987934,0.1626040769511091
H,0.5194722361703306,0.23435535521431441,0.24617240861535505
H,0.5684770706574132,0.20015637505071468,0.23136655429187217
H,0.4149903839391908,0.2286581080298443,0.3563515080309649
H,0.6496280000762257,0.2175277506869998,0.1328442492367745
H,0.5599633840466698,0.238594936697319,0.2014416792560111
H,0.49890795550678774,0.2609935959993354,0.24009844849387685
H,0.41724683306718857,0.37014093206608134,0.21261223486673017
H,0.477230059279818,0.20567434586551822,0.3170955948546637
H,0.7656272826813528,0.196110033948107,0.03826268337054014
H,0.5047140208078528,0.2166823017901347,0.2786036774020125
H,0.40726698615853696,0.2584222033956946,0.3343108104457684
A,0.2409090310279874,0.24875878355543213,0.5103321854165804
H,0.3729405971044028,0.34342871233958266,0.2836306905560146
H,0.4585550197741875,0.31466777220075365,0.22677720802505885
H,0.48882486905811895,0.22924094349704457,0.2819341874448365
D,0.3379188717938626,0.339967212446684,0.3221139157594534
H,0.5747308195439208,0.21942558510601587,0.20584359535006339
H,0.6009564031650065,0.20912363271905313,0.18991996411594037
H,0.4597965688263921,0.3603444395900863,0.17985899158352167
H,0.42605600746600336,0.39751259676283407,0.1764313957711626
H,0.3787289557458662,0.24431959668971373,0.37695144756442006
A,0.27959927610214846,0.27040763296698644,0.4499930909308651
H,0.5906100383603481,0.24764676478721123,0.16174319685244065
A,0.35835981488116636,0.22449751911142113,0.4171426660074125
H,0.3995344880119272,0.3215963471582198,0.27886916482985297
H,0.8017706556183297,0.14934082517327088,0.04888851920839946
H,0.4543868431131881,0.3606600360061663,0.1849531208806455
A,0.2699350441398622,0.35989024955960475,0.3701747063005332
H,0.7966484755919873,0.15881445784676237,0.04453706656125036
H,0.6004939280761455,0.1898429576391587,0.20966311428469583
A,0.3611256829523745,0.2118298769309488,0.4270444401166767
H,0.41280468872222276,0.25484323336729514,0.3323520779104821
H,0.4936433907492203,0.31598146834679836,0.19037514090398133
H,0.4136016008101963,0.36984643109262416,0.21655196809717947
H,0.4475145360313135,0.22983772423361012,0.3226477397350764
A,0.2179064139556763,0.19926918433654214,0.5828244017077816
D,0.28792448070011767,0.3712309074219138,0.3408446118779686
H,0.5647681708316233,0.2247799667905802,0.21045186237779648
H,0.6914013297413257,0.2215305854138804,0.0870680848447939
H,0.3927019519945472,0.2743857185045649,0.33291232950088784
H,0.46314571657879133,0.23857911457024175,0.2982751688509669
H,0.41611639250826676,0.26308459687508606,0.32079901061664723
H,0.5119658165856644,0.19941803901051233,0.28861614440382327
H,0.43396910858032217,0.2813114966711795,0.2847193947484983
A,0.29181591027012166,0.22109744097434791,0.4870866487555305
H,0.4054647833530642,0.37617443133200595,0.21836078531492986
H,0.4045474485231069,0.19928333524001718,0.3961692162368759
H,0.5347803512772306,0.2242876067843612,0.24093204193840825
H,0.3753793065818068,0.2752974046249029,0.3493232887932903
A,0.3253528304943696,0.23301303535443021,0.4416341341512002
H,0.536152684258926,0.23577336780126035,0.2280739479398135
A,0.21945009439648877,0.2402858202773359,0.5402640853261754
H,0.42999830573776127,0.25225158261017205,0.3177501116520666
H,0.4435811114540707,0.31409208020121143,0.24232680834471787
H,0.47216646114153304,0.24400020181690082,0.28383333704156616
H,0.7370827754410051,0.2331675956326028,0.029749628926392113
H,0.6083969333553468,0.19979074902765748,0.19181231761699571
H,0.48288801748713533,0.22031772976476705,0.2967942527480976
H,0.41736618420334376,0.2844461888608603,0.2981876269357959
H,0.5342993324754566,0.2193721088663929,0.24632855865815043
A,0.3130577086138209,0.23998629307103245,0.4469559983151467
H,0.5400763179490689,0.19374111273830516,0.26618256931262596
H,0.5197601416431266,0.20445663480014287,0.2757832235567306
H,0.48220666460163963,0.257536823662462,0.26025651173589837
H,0.3620873107918463,0.29447781791116207,0.34343487129699163
H,0.43886871291637447,0.2361448197308833,0.3249864673527423
H,0.5801620848787844,0.22512246057105734,0.1947154545501583
H,0.60720151578898,0.2117141595977258,0.18108432461329424
H,0.6760990343116112,0.21769230242139748,0.10620866326699126
H,0.4922635853371013,0.22846971059059176,0.27926670407230697
H,0.4615313007363044,0.33527880784517167,0.20318989141852387
H,0.5207118936746463,0.25745846178174236,0.2218296445436113
H,0.3650753165601877,0.29966091903520437,0.3352637644046079
H,0.43874016522273357,0.2306292222027512,0.33063061257451526
H,0.4236944530658888,0.25690178869877417,0.319403758235337
H,0.42907327557441927,0.22082791942928393,0.3500988049962968
A,0.3720942874379843,0.23085546752721686,0.3970502450347988
H,0.5242573115280603,0.22595161650772774,0.24979107196421194
H,0.6925797410409705,0.22093113007497392,0.08648912888405558
H,0.4962341756959132,0.27322963764164393,0.23053618666244283
H,0.5321332204694255,0.2046769388558325,0.263189840674742
H,0.559912173399263,0.27776998312963835,0.16231784347109857
H,0.5468924609944086,0.36399811295752227,0.08910942604806919
H,0.4609493362035458,0.2889131180313326,0.25013754576512154
H,0.6642622197764086,0.23459789175587376,0.1011398884677176
H,0.433115713621842,0.21209801508128553,0.3547862712968725
H,0.4008324332664583,0.3355769701815688,0.263590596551973
H,0.4474703235843485,0.4451427605522211,0.10738691586343041
A,0.2804745619223817,0.24124579721173942,0.4782796408658789
H,0.6001981420637882,0.2234696467820468,0.17633221115416509
A,0.27576834554531665,0.24057813398068084,0.48365352047400245
H,0.6190666633392174,0.21901896940615448,0.16191436725462813
H,0.5491320042423184,0.22896403965278997,0.22190395610489158
H,0.4327950036770394,0.29009423288929903,0.2771107634336616
H,0.35825098679797934,0.3536017004816465,0.2881473127203741
A,0.3100340687460435,0.30636941326360434,0.38359651799035205
H,0.4006904124209398,0.23849586569131595,0.36081372188774435
H,0.6112509523311184,0.20749066512952843,0.1812583825393532
H,0.5305089797525007,0.33582823536938006,0.13366278487811933
A,0.37202364698911716,0.21667498463167226,0.4113013683792106
H,0.37745423094490244,0.2587622943231855,0.36378347473191214
H,0.6425102562899935,0.25674750834269067,0.10074223536731576
H,0.8233059111762944,0.1370664545799215,0.039627634243784175
H,0.7097363906505129,0.19472424429920568,0.09553936505028154
H,0.5610106408546819,0.24342467953080424,0.19556467961451393
H,0.5430529706692052,0.2144433329198372,0.24250369641095768
H,0.45834464454655816,0.21453327015836252,0.32712208529507936
H,0.44455939560973157,0.3393991278716488,0.2160414765186197
H,0.4230980061631171,0.24053900748503274,0.3363629863518501
A,0.2751339225745154,0.19889579470977944,0.5259702827157051
H,0.5480392708658196,0.2575885727656435,0.194372156368537
A,0.3489300608283678,0.24251868699546797,0.4085512521761642
A,0.31341369840157723,0.25827631369609133,0.4283099879023315
H,0.43102895205462977,0.25652682088975753,0.3124442270556127
H,0.5412689101421786,0.23666573523419465,0.22206535462362673
D,0.35118047472937364,0.4175220801885245,0.23129744508210184
A,0.3212675659564108,0.24894592822859696,0.42978650581499217
H,0.4572980832633046,0.20282354883701847,0.339878367899677
A,0.23159636538233186,0.2573828442497909,0.5110207903678772
H,0.5693682260083023,0.2299221591187434,0.20070961487295433
H,0.6358993768915712,0.1935018430823733,0.17059878002605547
H,0.5987293838167416,0.24865894011085551,0.15261167607240297
A,0.36687085020544163,0.25705324677384556,0.3760759030207128
H,0.41801389410033085,0.31697227530608113,0.26501383059358796
H,0.45120787262878975,0.34173393593559886,0.20705819143561136
H,0.5151126562686469,0.21578693391608472,0.26910040981526845
A,0.3686186083767866,0.244570320953863,0.3868110706693504
H,0.5580884825589577,0.2320556227813322,0.2098558946597101
H,0.40540737884374284,0.25317818905299366,0.34141443210326355
A,0.32903820430539793,0.22336931501251941,0.4475924806820826
A,0.13888660689346366,0.16119259991008347,0.699920793196453
D,0.3409210617118296,0.3890968975132218,0.26998204077494864
H,0.6431094301150355,0.297228609876156,0.05966196000880845
D,0.4220533293316469,0.4549866035898522,0.12296006707850082
H,0.5639340545766152,0.23189847204905614,0.2041674733743287
A,0.29772337498360424,0.32298204323229573,0.3792945817841
H,0.3936914864550314,0.3338980382666861,0.2724104752782825
H,0.48409277535246825,0.23593345008854139,0.27997377455899036
H,0.5362146414870695,0.25024499678836093,0.21354036172456947
H,0.40515354320045366,0.31067703953700493,0.28416941726254136
A,0.19378711618431577,0.1697980767706375,0.6364148070450467
H,0.3858740665420532,0.36859817589190874,0.24552775756603815
A,0.3653896032509422,0.2570042976946857,0.3776060990543721
H,0.7371697819318958,0.15739656267034965,0.10543365539775469
A,0.38693185766794863,0.21220475914059986,0.4008633831914515
H,0.38536984692607873,0.30303659279225675,0.31159356028166446
H,0.6161280609228915,0.22400170908439265,0.15987022999271586
H,0.5331675968671884,0.25173708856624,0.21509531456657163
A,0.258180572909174,0.2055318884079218,0.5362875386829041
H,0.6753171870738903,0.25108284098196626,0.07359997194414346
H,0.39631969280205537,0.24384081859555687,0.35983948860238774
A,0.2929671331336917,0.24181535685425606,0.4652175100120522
H,0.5845659705264431,0.21392344564998345,0.20151058382357345
H,0.5804195134867643,0.23014592659300967,0.18943455992022593
H,0.7333710731331871,0.2152305518132663,0.05139837505354664
A,0.20232258580033788,0.2290976710701449,0.5685797431295172
H,0.4976122377402418,0.238832802932012,0.26355495932774625
A,0.26814476750555044,0.2606542609933448,0.47120097150110474
H,0.42953098949430407,0.23988461326480146,0.33058439724089445
H,0.5745934072258718,0.227627272470501,0.19777932030362722
A,0.37205287103607954,0.2407869055094529,0.38716022345446754
H,0.49869169377394323,0.23399676854152732,0.2673115376845294
H,0.5059455409154451,0.23943161234572763,0.25462284673882735
A,0.24085547775008512,0.3128437724844829,0.44630074976543194
H,0.46626332663552145,0.2593116024937665,0.27442507087071205
A,0.3653684864257049,0.21429692354254484,0.42033459003175017
D,0.28958567542753144,0.3763994187447899,0.3340149058276787
A,0.33138781045787596,0.22878788422214316,0.4398243053199809
H,0.5205772214244477,0.2361563742533981,0.24326640432215418
H,0.41437368409541425,0.19441098240701926,0.3912153334975665
A,0.34384927014998795,0.26498485491596135,0.39116587493405075
H,0.3727983156985751,0.3308627296976823,0.29633895460374254
H,0.5881253454505918,0.21829945315570254,0.19357520139370574
A,0.25456333256250024,0.2061646819646218,0.5392719854728779
H,0.5113896606445193,0.2488630952150812,0.23974724414039952
H,0.5415889610969623,0.2143479415780789,0.2440630973249588
H,0.5232486526741599,0.3005155659169549,0.1762357814088852
H,0.40291979165424724,0.27217802922354123,0.3249021791222115
H,0.46979539970942336,0.26739588413104604,0.26280871615953066
H,0.593081545704823,0.22572296146342538,0.18119549283175151
A,0.26114897599270465,0.19890953330813432,0.539941490699161
H,0.47071093180084134,0.40914811660800154,0.1201409515911571
H,0.43557151505538855,0.32313872747378625,0.24128975747082518
H,0.4832390113107539,0.2695217861149399,0.2472392025743062
H,0.5465343827769723,0.33761525761942496,0.11585035960360272
H,0.3852708007559884,0.24807578706159086,0.3666534121824207
H,0.7060831874379675,0.18556388300954763,0.10835292955248488
A,0.2626511027686546,0.23618235740356006,0.5011665398277853
H,0.46486644354994916,0.22681830496051988,0.30831525148953093
H,0.5051084750279794,0.20538547835844315,0.28950604661357754
A,0.33124081630200775,0.27419100330372775,0.39456818039426444
H,0.6375767403468431,0.2835084049623208,0.07891485469083609
A,0.3296324961389931,0.23925476221791495,0.4311127416430918
H,0.5861950782439828,0.2147834892289322,0.19902143252708507
H,0.5690962518725549,0.25531871272969264,0.17558503539775247
H,0.41612240027692216,0.3334076636948577,0.25046993602822015
H,0.4863015796402126,0.24093530723127513,0.27276311312851226
H,0.454791026490752,0.28142677976811425,0.26378219374113376
H,0.41606466435398914,0.31841529385700085,0.26552004178901
H,0.5216301669349616,0.25674984217353675,0.2216199908915016
H,0.5003304311620326,0.2441027955636074,0.25556677327436006
A,0.3708449757822951,0.22765046335215552,0.40150456086554936
A,0.28151540718174634,0.31642428114251403,0.4020603116757396
H,0.39701044610522507,0.35454363678411394,0.2484459171106609
H,0.41836336571535915,0.30239258987087525,0.2792440444137656
A,0.3682401826879916,0.23671910819947617,0.39504070911253225
H,0.376450826304419,0.2549333826083924,0.3686157910871886
A,0.3362018612165489,0.24292307437198843,0.4208750644114628
H,0.4945558593675193,0.2543343421231014,0.2511097985093793
H,0.5847463820861535,0.23121986592718455,0.18403375198666186
H,0.3871324346997646,0.22845681697561393,0.38441074832462147
A,0.30243957084241907,0.241010980263027,0.45654944889455384
H,0.5621263644420069,0.2468065621262916,0.19106707343170148
H,0.7407069327052153,0.18673313721656004,0.07255993007822474
H,0.40007814396044933,0.3512994887973957,0.24862236724215495
H,0.42166662275919525,0.19512121594373588,0.3832121612970689
H,0.5742489290925754,0.37821386482766023,0.04753720607976439
D,0.36438972787879087,0.37905906317933563,0.25655120894187344
A,0.29439835118028707,0.25884968378371265,0.4467519650360003
H,0.5819798007604055,0.22562931039435086,0.19239088884524372
A,0.32296842934042536,0.22374628630067242,0.4532852843589022
A,0.3095363215862244,0.27184876555728843,0.4186149128564871
H,0.5636424710558328,0.23637040241077134,0.19998712653339587
H,0.3986442624548854,0.2962299546947989,0.3051257828503157
H,0.6852154791856968,0.2052729303986114,0.10951159041569176
H,0.7485499735986743,0.19920150745461265,0.0522485189467131
H,0.47787204137139944,0.22029962963283412,0.30182832899576645
H,0.423997812604084,0.31647737893828093,0.2595248084576352
A,0.22571644070925723,0.19025588205812172,0.5840276772326211
H,0.3753660691174299,0.34240205503691373,0.2822318758456563
A,0.36587543612893675,0.2236278113983717,0.41049675247269146
H,0.5566554446739729,0.22959589978138625,0.21374865554464093
H,0.5574911751100371,0.26015957999328837,0.1823492448966745
H,0.48909291400876115,0.2287421054932275,0.28216498049801136
H,0.5145195667037519,0.23987365953022546,0.2456067737660226
A,0.3578109429602678,0.2519710617232509,0.3902179953164813
H,0.7536708689752537,0.1995137240959077,0.0468154069288385
A,0.3022440294299001,0.21906086201991112,0.47869510855018876
H,0.6368909377064845,0.19203465190583127,0.17107441038768412
H,0.5486860852650025,0.23268193418805216,0.21863198054694535
H,0.45315381883377587,0.2026322352739546,0.34421394589226945
H,0.6982713376759196,0.20360269237899145,0.09812596994508883
H,0.577374325150256,0.20664074588905998,0.2159849289606839
H,0.38071748761707475,0.24190824993715002,0.37737426244577527
H,0.5139208441186959,0.31653411605478704,0.16954503982651695
H,0.5543742938407453,0.2881833070539688,0.1574423991052858
A,0.2619242644638167,0.2129264279900643,0.525149307546119
A,0.2648405538805919,0.2353389581471419,0.49982048797226614
H,0.5640882024052821,0.2679558198077131,0.16795597778700486
H,0.473371605840853,0.3711450666347073,0.1554833275244397
H,0.5521108549937478,0.24833593712673893,0.19955320787951325
H,0.4786084645598321,0.33664842575917125,0.1847431096809967
H,0.5652965425515323,0.21754959119775455,0.21715386625071317
H,0.4216313274122914,0.24726382720131235,0.33110484538639623
A,0.1291713004523796,0.19471112531867352,0.6761175742289468
A,0.3650837120181767,0.22631201592865494,0.40860427205316835
H,0.3801132016876909,0.24150759492239626,0.3783792033899129
A,0.37612650898151184,0.2255541640919481,0.3983193269265401
H,0.3703843886263945,0.2851093001765201,0.3445063111970854
H,0.40838735327803466,0.35482643061343616,0.23678621610852915
H,0.3920809887563661,0.23479457485923683,0.373124436384397
H,0.4811266771240663,0.3556655405539882,0.16320778232194552
A,0.2964448060799349,0.23356739709525423,0.4699877968248109
H,0.5317892377918362,0.20889929192083204,0.2593114702873318
A,0.28631854634779913,0.24488969650816103,0.4687917571440398
H,0.5034876696786575,0.2656214637064282,0.23089086661491423
H,0.6225165265004985,0.2558866504748405,0.12159682302466103
H,0.5390121543788239,0.2470528581695802,0.21393498745159603
H,0.6727014408610059,0.19746453417083334,0.12983402496816068
H,0.4769418790409426,0.24990992896084388,0.27314819199821344
A,0.20589818904207843,0.3033006561213778,0.4908011548365438
H,0.7297395285140919,0.19310594580658813,0.07715452567932012
H,0.5802583319584849,0.21359961595416588,0.20614205208734923
A,0.17633516107426914,0.24049025133231805,0.5831745875934129
A,0.2473831031152702,0.22342508586780163,0.5291918110169281
H,0.4334275287208526,0.26460061990253636,0.30197185137661114
A,0.3547361918089295,0.23484647214805912,0.4104173360430114
A,0.3529300824184549,0.2916236199223121,0.35544629765923297
A,0.3139672283432345,0.21227913289105452,0.473753638765711
H,0.5253301020176201,0.18404329041723064,0.2906266075651492
A,0.1951010907280498,0.23907881798471045,0.5658200912872399
H,0.4292949057814605,0.3244967023456968,0.24620839187284274
A,0.09209555270295251,0.2467449981611566,0.6611594491358909
H,0.6292623941904596,0.19140699380138917,0.17933061200815126
H,0.42613466302037545,0.23511744024801495,0.33874789673160954
A,0.21271459511593663,0.2203148643631607,0.5669705405209027
H,0.6923263143127727,0.21530832449569134,0.09236536119153589
H,0.40746159897766465,0.3644626213362774,0.228075779686058
A,0.3146063520150724,0.2623604754292952,0.4230331725556324
A,0.27029536708708196,0.2358350500071824,0.4938695829057356
H,0.5340841526423926,0.25089731064459836,0.215018536713009
A,0.26991981709848406,0.247210962966907,0.4828692199346089
H,0.49874640873731096,0.273621615882567,0.22763197538012206
H,0.7317435473218367,0.19758581423051116,0.07067063844765205
H,0.4101693215378755,0.3322908969576466,0.2575397815044779
H,0.7257077199207042,0.1850315370087228,0.08926074307057306
H,0.40563245404295795,0.24976448681298044,0.3446030591440616
A,0.3641497279667147,0.22481365058519365,0.41103662144809167
H,0.6891455401606393,0.21589798605655516,0.0949564737828054
H,0.5062774777894387,0.20958768896959956,0.2841348332409617
A,0.3022236030104882,0.18699646260126482,0.510779934388247
H,0.668030457618086,0.19535279548980675,0.13661674689210732
H,0.4221943248657148,0.34143330578694114,0.23637236934734407
A,0.29882598699859303,0.2617806449685353,0.43939336803287166
H,0.6906390804227245,0.21226843361839362,0.09709248595888183
H,0.4462763166108479,0.23655436815883915,0.31716931523031294
H,0.4377011573396125,0.2410946935345081,0.3212041491258794
